*******************************************INPUT : lda
######## ONE VS ONE ########
mode-kernel: poly
[[500.   0.   0.]
 [  0. 405.  84.]
 [  0.  95. 416.]]
0.8806666666666667
mode-kernel: rbf
[[500.   0.   0.]
 [  0. 467.  29.]
 [  0.  33. 471.]]
0.9586666666666667
mode-kernel: sigmoid
[[492.  20.   0.]
 [  8. 125. 353.]
 [  0. 355. 147.]]
0.5093333333333333
######## ONE VS ALL ########
mode-kernel: poly
[[203. 252.  21.]
 [271.  98.  66.]
 [ 26. 150. 413.]]
0.476
mode-kernel: rbf
[[500.   0.   0.]
 [  0. 466.  32.]
 [  0.  34. 468.]]
0.956
mode-kernel: sigmoid
[[484.   9.  26.]
 [ 16. 150. 327.]
 [  0. 341. 147.]]
0.5206666666666667
######## LIBSVM-STYLE ########
mode-kernel: poly
[[500.   0.   0.]
 [  0. 470.  11.]
 [  0.  30. 489.]]
0.9726666666666667
mode-kernel: rbf
[[500.   0.   0.]
 [  0. 465.  24.]
 [  0.  35. 476.]]
0.9606666666666667
mode-kernel: sigmoid
[[490.  18.   0.]
 [ 10. 145. 359.]
 [  0. 337. 141.]]
0.5173333333333333
######## 3 ENSEMBLE - ONE VS ONE ########
mode-kernel: poly
[[500.   0.   0.]
 [  0. 358.  99.]
 [  0. 142. 401.]]
0.8393333333333334
mode-kernel: rbf
[[500.   0.   0.]
 [  0. 467.  27.]
 [  0.  33. 473.]]
0.96
mode-kernel: sigmoid
[[491.  20.   0.]
 [  9. 130. 344.]
 [  0. 350. 156.]]
0.518
######## 3 ENSEMBLE - ONE VS ALL ########
mode-kernel: poly
[[154. 247.  22.]
 [318.  81.  41.]
 [ 28. 172. 437.]]
0.448
mode-kernel: rbf
[[500.   0.   0.]
 [  0. 466.  32.]
 [  0.  34. 468.]]
0.956
mode-kernel: sigmoid
[[485.  13.  34.]
 [ 15. 146. 334.]
 [  0. 341. 132.]]
0.5086666666666667
######## 3 ENSEMBLE - LIBSVM ########
mode-kernel: poly
[[500.   0.   0.]
 [  0. 474.  20.]
 [  0.  26. 480.]]
0.9693333333333334
mode-kernel: rbf
[[499.   0.   0.]
 [  0. 465.  36.]
 [  1.  35. 464.]]
0.952
mode-kernel: sigmoid
[[492.  19.   0.]
 [  8. 138. 346.]
 [  0. 343. 154.]]
0.5226666666666666
######## 5 ENSEMBLE - ONE VS ONE ########
mode-kernel: poly
[[500.   0.   0.]
 [  0. 411.  63.]
 [  0.  89. 437.]]
0.8986666666666666
mode-kernel: rbf
[[500.   0.   0.]
 [  0. 465.  30.]
 [  0.  35. 470.]]
0.9566666666666667
mode-kernel: sigmoid
[[492.  20.   0.]
 [  8. 123. 348.]
 [  0. 357. 152.]]
0.5113333333333333
######## 5 ENSEMBLE - ONE VS ALL ########
mode-kernel: poly
[[175. 266.  22.]
 [308. 113.  40.]
 [ 17. 121. 438.]]
0.484
mode-kernel: rbf
[[500.   0.   0.]
 [  0. 467.  30.]
 [  0.  33. 470.]]
0.958
mode-kernel: sigmoid
[[483.   8.  38.]
 [ 17. 144. 326.]
 [  0. 348. 136.]]
0.5086666666666667
######## 5 ENSEMBLE - LIBSVM ########
mode-kernel: poly
[[500.   0.   0.]
 [  0. 476.  21.]
 [  0.  24. 479.]]
0.97
mode-kernel: rbf
[[500.   0.   0.]
 [  0. 466.  22.]
 [  0.  34. 478.]]
0.9626666666666667
mode-kernel: sigmoid
[[490.  18.   0.]
 [ 10. 144. 353.]
 [  0. 338. 147.]]
0.5206666666666667
