*******************************************INPUT : raw
######## ONE VS ONE ########
mode-kernel: poly
[[500.  40.   0.]
 [  0. 432. 138.]
 [  0.  28. 362.]]
0.8626666666666667
mode-kernel: rbf
[[500.   0.   0.]
 [  0. 477.  18.]
 [  0.  23. 482.]]
0.9726666666666667
mode-kernel: sigmoid
[[500.   0.   0.]
 [  0. 476.  30.]
 [  0.  24. 470.]]
0.964
######## ONE VS ALL ########
mode-kernel: poly
[[500. 236.  10.]
 [  0.   0.   0.]
 [  0. 264. 490.]]
0.66
mode-kernel: rbf
[[500.   0.   0.]
 [  0. 471.  33.]
 [  0.  29. 467.]]
0.9586666666666667
mode-kernel: sigmoid
[[500.  20.   0.]
 [  0. 275.   3.]
 [  0. 205. 497.]]
0.848
######## LIBSVM-STYLE ########
mode-kernel: poly
[[500.  40.   0.]
 [  0. 431. 139.]
 [  0.  29. 361.]]
0.8613333333333333
mode-kernel: rbf
[[500.   0.   0.]
 [  0. 475.  16.]
 [  0.  25. 484.]]
0.9726666666666667
mode-kernel: sigmoid
[[500.   0.   0.]
 [  0. 472.  18.]
 [  0.  28. 482.]]
0.9693333333333334
######## 3 ENSEMBLE - ONE VS ONE ########
mode-kernel: poly
[[500. 103.   2.]
 [  0. 382. 189.]
 [  0.  15. 309.]]
0.794
mode-kernel: rbf
[[500.   0.   0.]
 [  0. 485.  52.]
 [  0.  15. 448.]]
0.9553333333333334
mode-kernel: sigmoid
[[500.   0.   0.]
 [  0. 471.  44.]
 [  0.  29. 456.]]
0.9513333333333334
######## 3 ENSEMBLE - ONE VS ALL ########
mode-kernel: poly
[[500. 253.  10.]
 [  0.   0.   0.]
 [  0. 247. 490.]]
0.66
mode-kernel: rbf
[[500.  10.   0.]
 [  0. 322.  13.]
 [  0. 168. 487.]]
0.8726666666666667
mode-kernel: sigmoid
[[500.  75.   0.]
 [  0.  81.   0.]
 [  0. 344. 500.]]
0.7206666666666667
######## 3 ENSEMBLE - LIBSVM ########
mode-kernel: poly
[[500.  98.   4.]
 [  0. 391. 192.]
 [  0.  11. 304.]]
0.7966666666666666
mode-kernel: rbf
[[500.   0.   0.]
 [  0. 469.  27.]
 [  0.  31. 473.]]
0.9613333333333334
mode-kernel: sigmoid
[[500.   0.   0.]
 [  0. 471.  39.]
 [  0.  29. 461.]]
0.9546666666666667
######## 5 ENSEMBLE - ONE VS ONE ########
mode-kernel: poly
[[500. 107.   5.]
 [  0. 385. 173.]
 [  0.   8. 322.]]
0.8046666666666666
mode-kernel: rbf
[[500.   0.   0.]
 [  0. 471.  40.]
 [  0.  29. 460.]]
0.954
mode-kernel: sigmoid
[[500.   0.   0.]
 [  0. 469.  49.]
 [  0.  31. 451.]]
0.9466666666666667
######## 5 ENSEMBLE - ONE VS ALL ########
mode-kernel: poly
[[500. 262.  10.]
 [  0.   0.   0.]
 [  0. 238. 490.]]
0.66
mode-kernel: rbf
[[500.  10.   0.]
 [  0. 348.   9.]
 [  0. 142. 491.]]
0.8926666666666667
mode-kernel: sigmoid
[[500.  86.   0.]
 [  0.  89.   0.]
 [  0. 325. 500.]]
0.726
######## 5 ENSEMBLE - LIBSVM ########
mode-kernel: poly
[[500. 105.   7.]
 [  0. 391. 193.]
 [  0.   4. 300.]]
0.794
mode-kernel: rbf
[[500.   0.   0.]
 [  0. 476.  41.]
 [  0.  24. 459.]]
0.9566666666666667
mode-kernel: sigmoid
[[500.   0.   0.]
 [  0. 476.  39.]
 [  0.  24. 461.]]
0.958
*******************************************INPUT : pca
######## ONE VS ONE ########
mode-kernel: poly
[[415.   0.   0.]
 [ 85. 500. 435.]
 [  0.   0.  65.]]
0.6533333333333333
mode-kernel: rbf
[[500.   0.   0.]
 [  0. 470.  27.]
 [  0.  30. 473.]]
0.962
mode-kernel: sigmoid
[[500.   0.   0.]
 [  0. 470.  31.]
 [  0.  30. 469.]]
0.9593333333333334
######## ONE VS ALL ########
mode-kernel: poly
[[500.  13.   0.]
 [  0.   0.   0.]
 [  0. 487. 500.]]
0.6666666666666666
mode-kernel: rbf
[[500.   0.   0.]
 [  0. 472.  43.]
 [  0.  28. 457.]]
0.9526666666666667
mode-kernel: sigmoid
[[500.   9.   0.]
 [  0. 309.   8.]
 [  0. 182. 492.]]
0.8673333333333333
######## LIBSVM-STYLE ########
mode-kernel: poly
[[417.   0.   0.]
 [ 83. 500. 435.]
 [  0.   0.  65.]]
0.6546666666666666
mode-kernel: rbf
[[500.   0.   0.]
 [  0. 470.  26.]
 [  0.  30. 474.]]
0.9626666666666667
mode-kernel: sigmoid
[[500.   0.   0.]
 [  0. 470.  30.]
 [  0.  30. 470.]]
0.96
######## 3 ENSEMBLE - ONE VS ONE ########
mode-kernel: poly
[[465.   0.   0.]
 [ 35. 500. 383.]
 [  0.   0. 117.]]
0.7213333333333334
mode-kernel: rbf
[[500.   0.   0.]
 [  0. 472.  38.]
 [  0.  28. 462.]]
0.956
mode-kernel: sigmoid
[[500.   0.   0.]
 [  0. 472.  49.]
 [  0.  28. 451.]]
0.9486666666666667
######## 3 ENSEMBLE - ONE VS ALL ########
mode-kernel: poly
[[500.  29.   0.]
 [  0.   0.   0.]
 [  0. 471. 500.]]
0.6666666666666666
mode-kernel: rbf
[[500.   0.   0.]
 [  0. 427.  57.]
 [  0.  73. 443.]]
0.9133333333333333
mode-kernel: sigmoid
[[500.  51.   0.]
 [  0. 183.   3.]
 [  0. 266. 497.]]
0.7866666666666666
######## 3 ENSEMBLE - LIBSVM ########
mode-kernel: poly
[[458.   0.   0.]
 [ 42. 500. 403.]
 [  0.   0.  97.]]
0.7033333333333334
mode-kernel: rbf
[[500.   0.   0.]
 [  0. 465.  33.]
 [  0.  35. 467.]]
0.9546666666666667
mode-kernel: sigmoid
[[500.   0.   0.]
 [  0. 470.  45.]
 [  0.  30. 455.]]
0.95
######## 5 ENSEMBLE - ONE VS ONE ########
mode-kernel: poly
[[457.   0.   0.]
 [ 43. 500. 392.]
 [  0.   0. 108.]]
0.71
mode-kernel: rbf
[[500.   0.   0.]
 [  0. 467.  37.]
 [  0.  33. 463.]]
0.9533333333333334
mode-kernel: sigmoid
[[500.   0.   0.]
 [  0. 465.  45.]
 [  0.  35. 455.]]
0.9466666666666667
######## 5 ENSEMBLE - ONE VS ALL ########
mode-kernel: poly
[[500.  14.   0.]
 [  0.   0.   0.]
 [  0. 486. 500.]]
0.6666666666666666
mode-kernel: rbf
[[500.   0.   0.]
 [  0. 446.  52.]
 [  0.  54. 448.]]
0.9293333333333333
mode-kernel: sigmoid
[[500.  50.   0.]
 [  0. 175.   7.]
 [  0. 275. 493.]]
0.7786666666666666
######## 5 ENSEMBLE - LIBSVM ########
mode-kernel: poly
[[463.   0.   0.]
 [ 37. 500. 402.]
 [  0.   0.  98.]]
0.7073333333333334
mode-kernel: rbf
[[500.   0.   0.]
 [  0. 464.  30.]
 [  0.  36. 470.]]
0.956
mode-kernel: sigmoid
[[500.   0.   0.]
 [  0. 462.  46.]
 [  0.  38. 454.]]
0.944
*******************************************INPUT : lda
######## ONE VS ONE ########
mode-kernel: poly
[[500.   0.   0.]
 [  0. 394. 101.]
 [  0. 106. 399.]]
0.862
mode-kernel: rbf
[[500.   0.   0.]
 [  0. 467.  31.]
 [  0.  33. 469.]]
0.9573333333333334
mode-kernel: sigmoid
[[490.  20.   0.]
 [ 10. 123. 354.]
 [  0. 357. 146.]]
0.506
######## ONE VS ALL ########
mode-kernel: poly
[[234. 248.  21.]
 [243. 144.  69.]
 [ 23. 108. 410.]]
0.5253333333333333
mode-kernel: rbf
[[500.   0.   0.]
 [  0. 458.  27.]
 [  0.  42. 473.]]
0.954
mode-kernel: sigmoid
[[479.   6.  37.]
 [ 21. 153. 330.]
 [  0. 341. 133.]]
0.51
######## LIBSVM-STYLE ########
mode-kernel: poly
[[500.   0.   0.]
 [  0. 476.  20.]
 [  0.  24. 480.]]
0.9706666666666667
mode-kernel: rbf
[[500.   0.   0.]
 [  0. 464.  31.]
 [  0.  36. 469.]]
0.9553333333333334
mode-kernel: sigmoid
[[491.  21.   0.]
 [  9. 130. 347.]
 [  0. 349. 153.]]
0.516
######## 3 ENSEMBLE - ONE VS ONE ########
mode-kernel: poly
[[500.   0.   0.]
 [  0. 477.  29.]
 [  0.  23. 471.]]
0.9653333333333334
mode-kernel: rbf
[[493.   0.   1.]
 [  2. 470.  19.]
 [  5.  30. 480.]]
0.962
mode-kernel: sigmoid
[[493.  20.   0.]
 [  7. 114. 356.]
 [  0. 366. 144.]]
0.5006666666666667
######## 3 ENSEMBLE - ONE VS ALL ########
mode-kernel: poly
[[251. 121.   0.]
 [239. 338.  33.]
 [ 10.  41. 467.]]
0.704
mode-kernel: rbf
[[498.   0.   0.]
 [  0. 468.  18.]
 [  2.  32. 482.]]
0.9653333333333334
mode-kernel: sigmoid
[[477.   2.   4.]
 [ 23. 122. 351.]
 [  0. 376. 145.]]
0.496
######## 3 ENSEMBLE - LIBSVM ########
mode-kernel: poly
[[500.   0.   0.]
 [  0. 481.  23.]
 [  0.  19. 477.]]
0.972
mode-kernel: rbf
[[494.   0.   0.]
 [  1. 464.  26.]
 [  5.  36. 474.]]
0.9546666666666667
mode-kernel: sigmoid
[[496.  21.   0.]
 [  4. 101. 372.]
 [  0. 378. 128.]]
0.48333333333333334
######## 5 ENSEMBLE - ONE VS ONE ########
mode-kernel: poly
[[500.   0.   0.]
 [  0. 479.  20.]
 [  0.  21. 480.]]
0.9726666666666667
mode-kernel: rbf
[[497.   0.   0.]
 [  0. 469.  22.]
 [  3.  31. 478.]]
0.9626666666666667
mode-kernel: sigmoid
[[488.  20.   0.]
 [ 12. 102. 363.]
 [  0. 378. 137.]]
0.4846666666666667
######## 5 ENSEMBLE - ONE VS ALL ########
mode-kernel: poly
[[304.  89.   0.]
 [196. 378.  18.]
 [  0.  33. 482.]]
0.776
mode-kernel: rbf
[[499.   0.   0.]
 [  0. 465.  22.]
 [  1.  35. 478.]]
0.9613333333333334
mode-kernel: sigmoid
[[482.   1.   0.]
 [ 18. 111. 367.]
 [  0. 388. 133.]]
0.484
######## 5 ENSEMBLE - LIBSVM ########
mode-kernel: poly
[[499.   0.   0.]
 [  1. 476.  15.]
 [  0.  24. 485.]]
0.9733333333333334
mode-kernel: rbf
[[495.   0.   0.]
 [  1. 467.  17.]
 [  4.  33. 483.]]
0.9633333333333334
mode-kernel: sigmoid
[[500.  20.   0.]
 [  0.  98. 382.]
 [  0. 382. 118.]]
0.47733333333333333
