*******************************************INPUT : pca
######## ONE VS ONE ########
mode-kernel: poly
[[414.   0.   0.]
 [ 86. 500. 433.]
 [  0.   0.  67.]]
0.654
mode-kernel: rbf
[[500.   0.   0.]
 [  0. 470.  37.]
 [  0.  30. 463.]]
0.9553333333333334
mode-kernel: sigmoid
[[500.   0.   0.]
 [  0. 463.  49.]
 [  0.  37. 451.]]
0.9426666666666667
######## ONE VS ALL ########
mode-kernel: poly
[[500.  17.   0.]
 [  0.   0.   0.]
 [  0. 483. 500.]]
0.6666666666666666
mode-kernel: rbf
[[500.   0.   0.]
 [  0. 387.  12.]
 [  0. 113. 488.]]
0.9166666666666666
mode-kernel: sigmoid
[[500.  77.   0.]
 [  0. 120.   0.]
 [  0. 303. 500.]]
0.7466666666666667
######## LIBSVM-STYLE ########
mode-kernel: poly
[[414.   0.   0.]
 [ 86. 500. 433.]
 [  0.   0.  67.]]
0.654
mode-kernel: rbf
[[500.   0.   0.]
 [  0. 465.  38.]
 [  0.  35. 462.]]
0.9513333333333334
mode-kernel: sigmoid
[[500.   0.   0.]
 [  0. 459.  48.]
 [  0.  41. 452.]]
0.9406666666666667
######## 3 ENSEMBLE - ONE VS ONE ########
mode-kernel: poly
[[425.   0.   0.]
 [ 75. 500. 430.]
 [  0.   0.  70.]]
0.6633333333333333
mode-kernel: rbf
[[500.   0.   0.]
 [  0. 469.  40.]
 [  0.  31. 460.]]
0.9526666666666667
mode-kernel: sigmoid
[[500.   0.   0.]
 [  0. 462.  46.]
 [  0.  38. 454.]]
0.944
######## 3 ENSEMBLE - ONE VS ALL ########
mode-kernel: poly
[[500.  13.   0.]
 [  0.   0.   0.]
 [  0. 487. 500.]]
0.6666666666666666
mode-kernel: rbf
[[500.   0.   0.]
 [  0. 388.  10.]
 [  0. 112. 490.]]
0.9186666666666666
mode-kernel: sigmoid
[[500.  80.   0.]
 [  0. 110.   1.]
 [  0. 310. 499.]]
0.7393333333333333
######## 3 ENSEMBLE - LIBSVM ########
mode-kernel: poly
[[414.   0.   0.]
 [ 86. 500. 431.]
 [  0.   0.  69.]]
0.6553333333333333
mode-kernel: rbf
[[500.   0.   0.]
 [  0. 469.  36.]
 [  0.  31. 464.]]
0.9553333333333334
mode-kernel: sigmoid
[[500.   0.   0.]
 [  0. 461.  48.]
 [  0.  39. 452.]]
0.942
######## 5 ENSEMBLE - ONE VS ONE ########
mode-kernel: poly
[[419.   0.   0.]
 [ 81. 500. 436.]
 [  0.   0.  64.]]
0.6553333333333333
mode-kernel: rbf
[[500.   0.   0.]
 [  0. 467.  35.]
 [  0.  33. 465.]]
0.9546666666666667
mode-kernel: sigmoid
[[500.   0.   0.]
 [  0. 460.  47.]
 [  0.  40. 453.]]
0.942
######## 5 ENSEMBLE - ONE VS ALL ########
mode-kernel: poly
[[500.  13.   0.]
 [  0.   0.   0.]
 [  0. 487. 500.]]
0.6666666666666666
mode-kernel: rbf
[[500.   0.   0.]
 [  0. 390.  14.]
 [  0. 110. 486.]]
0.9173333333333333
mode-kernel: sigmoid
[[500.  74.   0.]
 [  0. 122.   1.]
 [  0. 304. 499.]]
0.7473333333333333
######## 5 ENSEMBLE - LIBSVM ########
mode-kernel: poly
[[419.   0.   0.]
 [ 81. 500. 432.]
 [  0.   0.  68.]]
0.658
mode-kernel: rbf
[[500.   0.   0.]
 [  0. 469.  36.]
 [  0.  31. 464.]]
0.9553333333333334
mode-kernel: sigmoid
[[500.   0.   0.]
 [  0. 456.  48.]
 [  0.  44. 452.]]
0.9386666666666666
