*******************************************INPUT : pca
######## ONE VS ONE ########
mode-kernel: poly
[[423.   0.   0.]
 [ 77. 500. 433.]
 [  0.   0.  67.]]
0.66
mode-kernel: rbf
[[500.   0.   0.]
 [  0. 470.  28.]
 [  0.  30. 472.]]
0.9613333333333334
mode-kernel: sigmoid
[[500.   0.   0.]
 [  0. 469.  31.]
 [  0.  31. 469.]]
0.9586666666666667
######## ONE VS ALL ########
mode-kernel: poly
[[500.  17.   0.]
 [  0.   0.   0.]
 [  0. 483. 500.]]
0.6666666666666666
mode-kernel: rbf
[[500.   0.   0.]
 [  0. 471.  41.]
 [  0.  29. 459.]]
0.9533333333333334
mode-kernel: sigmoid
[[500.  14.   0.]
 [  0. 305.  10.]
 [  0. 181. 490.]]
0.8633333333333333
######## LIBSVM-STYLE ########
mode-kernel: poly
[[419.   0.   0.]
 [ 81. 500. 429.]
 [  0.   0.  71.]]
0.66
mode-kernel: rbf
[[500.   0.   0.]
 [  0. 470.  24.]
 [  0.  30. 476.]]
0.964
mode-kernel: sigmoid
[[500.   0.   0.]
 [  0. 468.  29.]
 [  0.  32. 471.]]
0.9593333333333334
######## 3 ENSEMBLE - ONE VS ONE ########
mode-kernel: poly
[[414.   0.   0.]
 [ 86. 500. 434.]
 [  0.   0.  66.]]
0.6533333333333333
mode-kernel: rbf
[[500.   0.   0.]
 [  0. 470.  29.]
 [  0.  30. 471.]]
0.9606666666666667
mode-kernel: sigmoid
[[500.   0.   0.]
 [  0. 470.  30.]
 [  0.  30. 470.]]
0.96
######## 3 ENSEMBLE - ONE VS ALL ########
mode-kernel: poly
[[500.  18.   0.]
 [  0.   0.   0.]
 [  0. 482. 500.]]
0.6666666666666666
mode-kernel: rbf
[[500.   0.   0.]
 [  0. 472.  43.]
 [  0.  28. 457.]]
0.9526666666666667
mode-kernel: sigmoid
[[500.   8.   0.]
 [  0. 318.   8.]
 [  0. 174. 492.]]
0.8733333333333333
######## 3 ENSEMBLE - LIBSVM ########
mode-kernel: poly
[[420.   0.   0.]
 [ 80. 500. 425.]
 [  0.   0.  75.]]
0.6633333333333333
mode-kernel: rbf
[[500.   0.   0.]
 [  0. 470.  25.]
 [  0.  30. 475.]]
0.9633333333333334
mode-kernel: sigmoid
[[500.   0.   0.]
 [  0. 470.  33.]
 [  0.  30. 467.]]
0.958
######## 5 ENSEMBLE - ONE VS ONE ########
mode-kernel: poly
[[417.   0.   0.]
 [ 83. 500. 433.]
 [  0.   0.  67.]]
0.656
mode-kernel: rbf
[[500.   0.   0.]
 [  0. 470.  26.]
 [  0.  30. 474.]]
0.9626666666666667
mode-kernel: sigmoid
[[500.   0.   0.]
 [  0. 470.  28.]
 [  0.  30. 472.]]
0.9613333333333334
######## 5 ENSEMBLE - ONE VS ALL ########
mode-kernel: poly
[[500.  17.   0.]
 [  0.   0.   0.]
 [  0. 483. 500.]]
0.6666666666666666
mode-kernel: rbf
[[500.   0.   0.]
 [  0. 471.  40.]
 [  0.  29. 460.]]
0.954
mode-kernel: sigmoid
[[500.   9.   0.]
 [  0. 312.   8.]
 [  0. 179. 492.]]
0.8693333333333333
######## 5 ENSEMBLE - LIBSVM ########
mode-kernel: poly
[[414.   0.   0.]
 [ 86. 500. 437.]
 [  0.   0.  63.]]
0.6513333333333333
mode-kernel: rbf
[[500.   0.   0.]
 [  0. 470.  30.]
 [  0.  30. 470.]]
0.96
mode-kernel: sigmoid
[[500.   0.   0.]
 [  0. 470.  33.]
 [  0.  30. 467.]]
0.958
