######## ONE VS ONE ########
mode-kernel: poly
[[500.  40.   0.]
 [  0. 430. 137.]
 [  0.  30. 363.]]
0.862
mode-kernel: rbf
[[500.   0.   0.]
 [  0. 473.  14.]
 [  0.  27. 486.]]
0.9726666666666667
mode-kernel: sigmoid
[[500.   0.   0.]
 [  0. 478.  23.]
 [  0.  22. 477.]]
0.97
######## ONE VS ALL ########
mode-kernel: poly
[[500. 238.  10.]
 [  0.   0.   0.]
 [  0. 262. 490.]]
0.66
mode-kernel: rbf
[[500.   0.   0.]
 [  0. 469.  29.]
 [  0.  31. 471.]]
0.96
mode-kernel: sigmoid
[[500.  16.   0.]
 [  0. 265.   4.]
 [  0. 219. 496.]]
0.8406666666666667
######## LIBSVM-STYLE ########
mode-kernel: poly
[[500.  40.   0.]
 [  0. 434. 139.]
 [  0.  26. 361.]]
0.8633333333333333
mode-kernel: rbf
[[500.   0.   0.]
 [  0. 471.  11.]
 [  0.  29. 489.]]
0.9733333333333334
mode-kernel: sigmoid
[[500.   0.   0.]
 [  0. 477.  23.]
 [  0.  23. 477.]]
0.9693333333333334
######## 3 ENSEMBLE - ONE VS ONE ########
mode-kernel: poly
[[500.  40.   0.]
 [  0. 432. 138.]
 [  0.  28. 362.]]
0.8626666666666667
mode-kernel: rbf
[[500.   0.   0.]
 [  0. 478.  15.]
 [  0.  22. 485.]]
0.9753333333333334
mode-kernel: sigmoid
[[500.   0.   0.]
 [  0. 475.  19.]
 [  0.  25. 481.]]
0.9706666666666667
######## 3 ENSEMBLE - ONE VS ALL ########
mode-kernel: poly
[[500. 237.  10.]
 [  0.   0.   0.]
 [  0. 263. 490.]]
0.66
mode-kernel: rbf
[[500.   0.   0.]
 [  0. 472.  33.]
 [  0.  28. 467.]]
0.9593333333333334
mode-kernel: sigmoid
[[500.  14.   0.]
 [  0. 277.   3.]
 [  0. 209. 497.]]
0.8493333333333334
######## 3 ENSEMBLE - LIBSVM ########
mode-kernel: poly
[[500.  40.   0.]
 [  0. 432. 137.]
 [  0.  28. 363.]]
0.8633333333333333
mode-kernel: rbf
[[500.   0.   0.]
 [  0. 473.  20.]
 [  0.  27. 480.]]
0.9686666666666667
mode-kernel: sigmoid
[[500.   0.   0.]
 [  0. 471.  22.]
 [  0.  29. 478.]]
0.966
######## 5 ENSEMBLE - ONE VS ONE ########
mode-kernel: poly
[[500.  40.   0.]
 [  0. 433. 133.]
 [  0.  27. 367.]]
0.8666666666666667
mode-kernel: rbf
[[500.   0.   0.]
 [  0. 474.  12.]
 [  0.  26. 488.]]
0.9746666666666667
mode-kernel: sigmoid
[[500.   0.   0.]
 [  0. 473.  18.]
 [  0.  27. 482.]]
0.97
######## 5 ENSEMBLE - ONE VS ALL ########
mode-kernel: poly
[[500. 236.  10.]
 [  0.   0.   0.]
 [  0. 264. 490.]]
0.66
mode-kernel: rbf
[[500.   0.   0.]
 [  0. 472.  37.]
 [  0.  28. 463.]]
0.9566666666666667
mode-kernel: sigmoid
[[500.  15.   0.]
 [  0. 271.   0.]
 [  0. 214. 500.]]
0.8473333333333334
######## 5 ENSEMBLE - LIBSVM ########
mode-kernel: poly
[[500.  40.   0.]
 [  0. 429. 136.]
 [  0.  31. 364.]]
0.862
mode-kernel: rbf
[[500.   0.   0.]
 [  0. 477.   8.]
 [  0.  23. 492.]]
0.9793333333333333
mode-kernel: sigmoid
[[500.   0.   0.]
 [  0. 473.  25.]
 [  0.  27. 475.]]
0.9653333333333334
