*******************************************INPUT : raw
######## ONE VS ONE ########
mode-kernel: poly
[[500.  40.   0.]
 [  0. 432. 137.]
 [  0.  28. 363.]]
0.8633333333333333
mode-kernel: rbf
[[500.   0.   0.]
 [  0. 476.  17.]
 [  0.  24. 483.]]
0.9726666666666667
mode-kernel: sigmoid
[[500.   0.   0.]
 [  0. 478.  24.]
 [  0.  22. 476.]]
0.9693333333333334
######## ONE VS ALL ########
mode-kernel: poly
[[500. 240.  10.]
 [  0.   0.   0.]
 [  0. 260. 490.]]
0.66
mode-kernel: rbf
[[500.   0.   0.]
 [  0. 471.  35.]
 [  0.  29. 465.]]
0.9573333333333334
mode-kernel: sigmoid
[[500.  18.   0.]
 [  0. 273.   5.]
 [  0. 209. 495.]]
0.8453333333333334
######## LIBSVM-STYLE ########
mode-kernel: poly
[[500.  40.   0.]
 [  0. 431. 137.]
 [  0.  29. 363.]]
0.8626666666666667
mode-kernel: rbf
[[500.   0.   0.]
 [  0. 471.  12.]
 [  0.  29. 488.]]
0.9726666666666667
mode-kernel: sigmoid
[[500.   0.   0.]
 [  0. 470.  25.]
 [  0.  30. 475.]]
0.9633333333333334
######## 3 ENSEMBLE - ONE VS ONE ########
mode-kernel: poly
[[500.  40.   0.]
 [  0. 434. 135.]
 [  0.  26. 365.]]
0.866
mode-kernel: rbf
[[500.   0.   0.]
 [  0. 472.  13.]
 [  0.  28. 487.]]
0.9726666666666667
mode-kernel: sigmoid
[[500.   0.   0.]
 [  0. 473.  26.]
 [  0.  27. 474.]]
0.9646666666666667
######## 3 ENSEMBLE - ONE VS ALL ########
mode-kernel: poly
[[500. 239.  10.]
 [  0.   0.   0.]
 [  0. 261. 490.]]
0.66
mode-kernel: rbf
[[500.   0.   0.]
 [  0. 470.  33.]
 [  0.  30. 467.]]
0.958
mode-kernel: sigmoid
[[500.  13.   0.]
 [  0. 280.   4.]
 [  0. 207. 496.]]
0.8506666666666667
######## 3 ENSEMBLE - LIBSVM ########
mode-kernel: poly
[[500.  40.   0.]
 [  0. 432. 138.]
 [  0.  28. 362.]]
0.8626666666666667
mode-kernel: rbf
[[500.   0.   0.]
 [  0. 479.  12.]
 [  0.  21. 488.]]
0.978
mode-kernel: sigmoid
[[500.   0.   0.]
 [  0. 474.  21.]
 [  0.  26. 479.]]
0.9686666666666667
######## 5 ENSEMBLE - ONE VS ONE ########
mode-kernel: poly
[[500.  40.   0.]
 [  0. 433. 134.]
 [  0.  27. 366.]]
0.866
mode-kernel: rbf
[[500.   0.   0.]
 [  0. 472.  15.]
 [  0.  28. 485.]]
0.9713333333333334
mode-kernel: sigmoid
[[500.   0.   0.]
 [  0. 470.  22.]
 [  0.  30. 478.]]
0.9653333333333334
######## 5 ENSEMBLE - ONE VS ALL ########
mode-kernel: poly
[[500. 236.  10.]
 [  0.   0.   0.]
 [  0. 264. 490.]]
0.66
mode-kernel: rbf
[[500.   0.   0.]
 [  0. 470.  33.]
 [  0.  30. 467.]]
0.958
mode-kernel: sigmoid
[[500.  15.   0.]
 [  0. 272.   3.]
 [  0. 213. 497.]]
0.846
######## 5 ENSEMBLE - LIBSVM ########
mode-kernel: poly
[[500.  40.   0.]
 [  0. 431. 135.]
 [  0.  29. 365.]]
0.864
mode-kernel: rbf
[[500.   0.   0.]
 [  0. 475.  12.]
 [  0.  25. 488.]]
0.9753333333333334
mode-kernel: sigmoid
[[500.   0.   0.]
 [  0. 477.  27.]
 [  0.  23. 473.]]
0.9666666666666667
*******************************************INPUT : pca
######## ONE VS ONE ########
mode-kernel: poly
[[414.   0.   0.]
 [ 86. 500. 435.]
 [  0.   0.  65.]]
0.6526666666666666
mode-kernel: rbf
[[500.   0.   0.]
 [  0. 470.  27.]
 [  0.  30. 473.]]
0.962
mode-kernel: sigmoid
[[500.   0.   0.]
 [  0. 470.  27.]
 [  0.  30. 473.]]
0.962
######## ONE VS ALL ########
mode-kernel: poly
[[500.  11.   0.]
 [  0.   0.   0.]
 [  0. 489. 500.]]
0.6666666666666666
mode-kernel: rbf
[[500.   0.   0.]
 [  0. 470.  41.]
 [  0.  30. 459.]]
0.9526666666666667
mode-kernel: sigmoid
[[500.  13.   0.]
 [  0. 317.   9.]
 [  0. 170. 491.]]
0.872
######## LIBSVM-STYLE ########
mode-kernel: poly
[[417.   0.   0.]
 [ 83. 500. 434.]
 [  0.   0.  66.]]
0.6553333333333333
mode-kernel: rbf
[[500.   0.   0.]
 [  0. 470.  25.]
 [  0.  30. 475.]]
0.9633333333333334
mode-kernel: sigmoid
[[500.   0.   0.]
 [  0. 470.  35.]
 [  0.  30. 465.]]
0.9566666666666667
######## 3 ENSEMBLE - ONE VS ONE ########
mode-kernel: poly
[[419.   0.   0.]
 [ 81. 500. 433.]
 [  0.   0.  67.]]
0.6573333333333333
mode-kernel: rbf
[[500.   0.   0.]
 [  0. 470.  26.]
 [  0.  30. 474.]]
0.9626666666666667
mode-kernel: sigmoid
[[500.   0.   0.]
 [  0. 470.  29.]
 [  0.  30. 471.]]
0.9606666666666667
######## 3 ENSEMBLE - ONE VS ALL ########
mode-kernel: poly
[[500.  16.   0.]
 [  0.   0.   0.]
 [  0. 484. 500.]]
0.6666666666666666
mode-kernel: rbf
[[500.   0.   0.]
 [  0. 474.  42.]
 [  0.  26. 458.]]
0.9546666666666667
mode-kernel: sigmoid
[[500.  15.   0.]
 [  0. 307.   4.]
 [  0. 178. 496.]]
0.8686666666666667
######## 3 ENSEMBLE - LIBSVM ########
mode-kernel: poly
[[419.   0.   0.]
 [ 81. 500. 427.]
 [  0.   0.  73.]]
0.6613333333333333
mode-kernel: rbf
[[500.   0.   0.]
 [  0. 470.  25.]
 [  0.  30. 475.]]
0.9633333333333334
mode-kernel: sigmoid
[[500.   0.   0.]
 [  0. 469.  33.]
 [  0.  31. 467.]]
0.9573333333333334
######## 5 ENSEMBLE - ONE VS ONE ########
mode-kernel: poly
[[416.   0.   0.]
 [ 84. 500. 433.]
 [  0.   0.  67.]]
0.6553333333333333
mode-kernel: rbf
[[500.   0.   0.]
 [  0. 470.  28.]
 [  0.  30. 472.]]
0.9613333333333334
mode-kernel: sigmoid
[[500.   0.   0.]
 [  0. 469.  31.]
 [  0.  31. 469.]]
0.9586666666666667
######## 5 ENSEMBLE - ONE VS ALL ########
mode-kernel: poly
[[500.  15.   0.]
 [  0.   0.   0.]
 [  0. 485. 500.]]
0.6666666666666666
mode-kernel: rbf
[[500.   0.   0.]
 [  0. 471.  41.]
 [  0.  29. 459.]]
0.9533333333333334
mode-kernel: sigmoid
[[500.   9.   0.]
 [  0. 310.   7.]
 [  0. 181. 493.]]
0.8686666666666667
######## 5 ENSEMBLE - LIBSVM ########
mode-kernel: poly
[[420.   0.   0.]
 [ 80. 500. 434.]
 [  0.   0.  66.]]
0.6573333333333333
mode-kernel: rbf
[[500.   0.   0.]
 [  0. 471.  27.]
 [  0.  29. 473.]]
0.9626666666666667
mode-kernel: sigmoid
[[500.   0.   0.]
 [  0. 470.  28.]
 [  0.  30. 472.]]
0.9613333333333334
*******************************************INPUT : lda
######## ONE VS ONE ########
mode-kernel: poly
[[500.   0.   0.]
 [  0. 386. 105.]
 [  0. 114. 395.]]
0.854
mode-kernel: rbf
[[500.   0.   0.]
 [  0. 463.  37.]
 [  0.  37. 463.]]
0.9506666666666667
mode-kernel: sigmoid
[[490.  19.   0.]
 [ 10. 128. 350.]
 [  0. 353. 150.]]
0.512
######## ONE VS ALL ########
mode-kernel: poly
[[240. 303.  19.]
 [242. 123.  67.]
 [ 18.  74. 414.]]
0.518
mode-kernel: rbf
[[500.   0.   0.]
 [  0. 469.  30.]
 [  0.  31. 470.]]
0.9593333333333334
mode-kernel: sigmoid
[[483.   7.  23.]
 [ 17. 154. 336.]
 [  0. 339. 141.]]
0.5186666666666667
######## LIBSVM-STYLE ########
mode-kernel: poly
[[500.   0.   0.]
 [  0. 474.  17.]
 [  0.  26. 483.]]
0.9713333333333334
mode-kernel: rbf
[[500.   0.   0.]
 [  0. 469.  27.]
 [  0.  31. 473.]]
0.9613333333333334
mode-kernel: sigmoid
[[491.  19.   0.]
 [  9. 135. 350.]
 [  0. 346. 150.]]
0.5173333333333333
######## 3 ENSEMBLE - ONE VS ONE ########
mode-kernel: poly
[[500.   0.   0.]
 [  0. 385.  95.]
 [  0. 115. 405.]]
0.86
mode-kernel: rbf
[[499.   0.   0.]
 [  0. 464.  29.]
 [  1.  36. 471.]]
0.956
mode-kernel: sigmoid
[[492.  20.   0.]
 [  8. 122. 344.]
 [  0. 358. 156.]]
0.5133333333333333
######## 3 ENSEMBLE - ONE VS ALL ########
mode-kernel: poly
[[154. 267.  37.]
 [319.  85.  41.]
 [ 27. 148. 422.]]
0.44066666666666665
mode-kernel: rbf
[[500.   0.   0.]
 [  0. 463.  28.]
 [  0.  37. 472.]]
0.9566666666666667
mode-kernel: sigmoid
[[484.   9.  35.]
 [ 16. 140. 336.]
 [  0. 351. 129.]]
0.502
######## 3 ENSEMBLE - LIBSVM ########
mode-kernel: poly
[[500.   0.   0.]
 [  0. 473.  19.]
 [  0.  27. 481.]]
0.9693333333333334
mode-kernel: rbf
[[500.   0.   0.]
 [  0. 464.  31.]
 [  0.  36. 469.]]
0.9553333333333334
mode-kernel: sigmoid
[[494.  19.   0.]
 [  6. 125. 347.]
 [  0. 356. 153.]]
0.5146666666666667
######## 5 ENSEMBLE - ONE VS ONE ########
mode-kernel: poly
[[500.   0.   0.]
 [  0. 400.  94.]
 [  0. 100. 406.]]
0.8706666666666667
mode-kernel: rbf
[[500.   0.   0.]
 [  0. 472.  30.]
 [  0.  28. 470.]]
0.9613333333333334
mode-kernel: sigmoid
[[491.  20.   0.]
 [  9. 128. 348.]
 [  0. 352. 152.]]
0.514
######## 5 ENSEMBLE - ONE VS ALL ########
mode-kernel: poly
[[186. 259.  14.]
 [286. 136.  55.]
 [ 28. 105. 431.]]
0.502
mode-kernel: rbf
[[500.   0.   0.]
 [  0. 470.  35.]
 [  0.  30. 465.]]
0.9566666666666667
mode-kernel: sigmoid
[[481.  10.  36.]
 [ 19. 137. 337.]
 [  0. 353. 127.]]
0.49666666666666665
######## 5 ENSEMBLE - LIBSVM ########
mode-kernel: poly
[[500.   0.   0.]
 [  0. 475.  19.]
 [  0.  25. 481.]]
0.9706666666666667
mode-kernel: rbf
[[499.   0.   0.]
 [  0. 465.  27.]
 [  1.  35. 473.]]
0.958
mode-kernel: sigmoid
[[490.  19.   0.]
 [ 10. 122. 357.]
 [  0. 359. 143.]]
0.5033333333333333
